src/math/crlibm/cosh.h:54: RU cosh(0x1.633ce8fb9f87dp+9) want 0x1.ffffffffffd3bp+1023 got 0x1.ffffffffffd3fp+1023 ulperr 4.104 = 0x1.0000007p+2 + 0x1.a6b164p-4
src/math/crlibm/cosh.h:56: RU cosh(-0x1.633ce8fb9f87dp+9) want 0x1.ffffffffffd3bp+1023 got 0x1.ffffffffffd3fp+1023 ulperr 4.104 = 0x1.0000007p+2 + 0x1.a6b164p-4
src/math/ucb/cosh.h:40: RU cosh(0x1.633ce8fb9f87dp+9) want 0x1.ffffffffffd3bp+1023 got 0x1.ffffffffffd3fp+1023 ulperr 4.104 = 0x1.0000007p+2 + 0x1.a6b164p-4
FAIL src/math/cosh.exe [status 1]
